,log_price,log_bandwidth_use,log_bb_subs,log_gdp_pc,internet_users_pct,gdp_growth
log_price,1.0,0.13218582764731832,0.12206849203864736,0.4415583561685466,0.3604716970174649,-0.011218394243186715
log_bandwidth_use,0.13218582764731832,1.0,0.616011710180611,0.30600326887274787,0.39861298678283785,-0.015474338248155372
log_bb_subs,0.12206849203864736,0.616011710180611,1.0,0.19391055815578845,0.15320902529185143,-0.0934592386409718
log_gdp_pc,0.4415583561685466,0.30600326887274787,0.19391055815578845,1.0,0.6986573735550254,-0.08869998476423654
internet_users_pct,0.3604716970174649,0.39861298678283785,0.15320902529185143,0.6986573735550254,1.0,0.004911321430647143
gdp_growth,-0.011218394243186715,-0.015474338248155372,-0.0934592386409718,-0.08869998476423654,0.004911321430647143,1.0
